24
-0.000218818 -0.000132862 -6.78817e-09 0.000218818 -1.92845e-07 -0.000132862 3.32976e-10 -9.24825e-08
-0.0538474 0.0831989 -0.0510914 -0.000308941 -0.0170034 0.0019243 -0.0831761 -0.000286084
-0.00139457 -0.000130953 -0.00139456 9.41415e-08 -4.78077e-06 9.18218e-08 0.000130953 -2.96994e-07
-0.0841741 0.0530543 -0.000748788 -0.0841707 -0.000109605 -0.0503929 0.000116904 0.0165923
-0.00310069 -0.00188096 0.00268527 -0.00155034 1.84798e-08 -0.000940441 -0.00162888 -1.85467e-05
-0.0484876 0.089561 -0.0231571 -0.0401105 -0.0143508 0.0775325 -0.0448318 1.84107e-05
-0.000160861 -1.52859e-05 8.04361e-05 0.000139307 6.36278e-08 -1.32384e-05 7.64215e-06 4.62445e-08
-0.0737388 0.0631252 0.0635708 -0.0373626 -0.000451008 0.0293621 0.0514143 -0.0218912
0.000121414 0.000200183 6.07005e-05 -0.000105151 7.7354e-08 0.000173362 0.000100093 -4.22956e-07
-0.0629872 0.0699502 0.0295383 -0.0509979 -0.0222282 0.0594538 0.0368472 -0.000748106
0.000190518 0.00202128 -0.000164893 -9.5429e-05 -8.43491e-07 -0.00100931 0.00175122 -1.00438e-05
-0.0768909 0.0590056 0.0663809 0.0388031 0.000326118 -0.0276308 0.0482486 -0.0197554
-0.00242621 -0.00147083 6.17144e-07 0.00242619 -9.05158e-06 0.00147079 1.9341e-06 -1.13541e-05
-0.0521247 0.0815705 0.0494606 -1.982e-06 -0.016451 -0.00257863 0.0815256 -0.000824655
-0.00142792 -0.00013425 -0.00142791 9.18455e-08 5.01237e-06 1.30109e-08 -0.00013425 7.56947e-08
-0.085571 0.0510784 -0.000667473 0.0855668 0.000525293 -0.0486106 0.000284385 -0.0156824
-0.00213635 -0.00129677 -0.00185028 0.00106789 5.31779e-06 0.000649237 0.0011225 -8.81571e-06
-0.0393564 0.0965974 0.0189833 0.0328145 -0.0105721 -0.0849551 0.045968 -0.000787047
-0.000355207 -3.35712e-05 -0.000177636 -0.000307599 3.10083e-07 2.9076e-05 -1.67808e-05 1.26306e-07
-0.0738809 0.0643355 -0.0631841 0.0382707 -0.00123142 -0.029482 -0.0526071 -0.0224135
-0.00113106 -0.000686469 0.000979539 0.000565515 6.34569e-07 0.000343288 -0.000594464 2.47012e-06
-0.0633929 0.0744678 -0.0294987 0.0516459 -0.021936 0.0639781 0.0381037 0.000607191
-0.00122884 -0.000115239 -0.000614087 0.00106439 -3.71038e-06 -9.97896e-05 -5.76375e-05 -2.29586e-07
-0.0888118 0.0483949 -0.0771786 -0.0439427 -0.000166018 -0.0231098 0.0400164 0.0143771
